0
0
0
0
0
0
0
0
0
0
0
0
0
0
0
0
0
0
0
0
0
0
0
0.0001166
0.0001369
0.0001587
0.0001842
0.0002118
0.0002434
0.0002769
0.0003152
0.0003564
0.0004036
0.000421
0.0004624
0.0005406
0.0005966
0.0006667
0.0007339
0.0008048
0.0008787
0.0009727
0.001059
0.00116
0.00126
0.001363
0.001471
0.001602
0.001725
0.001866
0.002005
0.002157
0.002311
0.002477
0.002648
0.002831
0.003018
0.003216
0.00342
0.003635
0.003859
0.004089
0.004328
0.004584
0.004843
0.005119
0.0054
0.005686
0.005983
0.006307
0.006627
0.006971
0.007315
0.007678
0.008046
0.008432
0.008825
0.009236
0.009652
0.01008
0.01053
0.01099
0.01146
0.01194
0.01243
0.01295
0.01347
0.01401
0.01456
0.01511
0.01569
0.01629
0.0169
0.01753
0.01816
0.01882
0.01948
0.02017
0.02087
0.02158
0.02231
0.02305
0.02381
0.02459
0.02539
0.0262
0.02703
0.02787
0.02872
0.02959
0.03048
0.03139
0.03231
0.03325
0.0342
0.03478
0.03558
0.03692
0.03781
0.03914
0.04015
0.04132
0.04238
0.04353
0.04464
0.04581
0.04697
0.04817
0.04935
0.05057
0.0518
0.05306
0.05433
0.05559
0.05688
0.05823
0.05956
0.06094
0.06231
0.06366
0.06504
0.06653
0.06796
0.06945
0.07091
0.07243
0.07394
0.07549
0.07705
0.07863
0.08019
0.08179
0.08345
0.08508
0.08677
0.08841
0.09011
0.09184
0.09358
0.09534
0.09712
0.09886
0.1006
0.1025
0.1043
0.1062
0.1081
0.11
0.1119
0.1138
0.1158
0.1178
0.1197
0.1217
0.1237
0.1257
0.1278
0.1298
0.1319
0.134
0.1362
0.1383
0.1405
0.1426
0.1447
0.147
0.1492
0.1515
0.1537
0.1559
0.1581
0.1605
0.1628
0.1652
0.1675
0.1699
0.1723
0.1747
0.1771
0.1795
0.1819
0.1843
0.1868
0.1893
0.1919
0.1943
0.1968
0.1993
0.2019
0.2045
0.2071
0.2096
0.2121
0.2147
0.2172
0.2189
0.2213
0.2248
0.227
0.231
0.2334
0.2367
0.2398
0.2425
0.2453
0.248
0.2509
0.2523
0.2546
0.258
0.2603
0.2637
0.266
0.2694
0.2717
0.2752
0.2775
0.281
0.2834
0.287
0.2893
0.2929
0.2953
0.2988
0.3012
0.3049
0.3073
0.3109
0.3133
0.317
0.3195
0.3231
0.3256
0.3293
0.3318
0.3355
0.338
0.3417
0.3443
0.348
0.3505
0.3554
0.3585
0.3607
0.3632
0.367
0.3696
0.3734
0.376
0.3798
0.3824
0.3863
0.3889
0.3928
0.3954
0.3993
0.4019
0.4058
0.4084
0.4124
0.415
0.4189
0.4216
0.4255
0.4282
0.4321
0.4348
0.4388
0.4414
0.4454
0.4481
0.4521
0.4547
0.4587
0.4614
0.4654
0.4681
0.4721
0.4748
0.4788
0.4815
0.4856
0.4883
0.4923
0.495
0.499
0.5018
0.5058
0.5085
0.5126
0.5153
0.5193
0.522
0.5261
0.5288
0.5328
0.5356
0.5396
0.5423
0.5464
0.5491
0.5532
0.5559
0.5599
0.5626
0.5667
0.5694
0.5734
0.5761
0.5802
0.5829
0.5869
0.5897
0.5937
0.5964
0.6004
0.6031
0.6071
0.6098
0.6139
0.6166
0.6206
0.6232
0.6273
0.6299
0.6339
0.6366
0.6406
0.6433
0.6473
0.6499
0.6539
0.6565
0.6605
0.6631
0.6671
0.6697
0.6737
0.6763
0.6802
0.6829
0.6868
0.6894
0.6933
0.6959
0.6998
0.7024
0.7063
0.7088
0.7127
0.7153
0.7191
0.7217
0.7255
0.7281
0.7319
0.7344
0.7382
0.7408
0.7445
0.7471
0.7508
0.7533
0.7571
0.7596
0.7633
0.7658
0.7695
0.7719
0.7756
0.7781
0.7818
0.7842
0.7878
0.7903
0.7939
0.7963
0.7999
0.8023
0.8059
0.8083
0.8118
0.8142
0.8177
0.8201
0.8236
0.8259
0.8294
0.8317
0.8352
0.8375
0.8409
0.8432
0.8466
0.8489
0.8523
0.8545
0.8579
0.8601
0.8635
0.8657
0.869
0.8712
0.8745
0.8767
0.8799
0.8821
0.8853
0.8875
0.8907
0.8928
0.8959
0.8981
0.9012
0.9033
0.9064
0.9085
0.9115
0.9136
0.9167
0.9187
0.9217
0.9237
0.9267
0.9287
0.9317
0.9336
0.9366
0.9385
0.9414
0.9433
0.9462
0.9481
0.951
0.9528
0.9556
0.9575
0.9603
0.9621
0.9649
0.9667
0.9694
0.9712
0.9739
0.9756
0.9783
0.98
0.9827
0.9844
0.987
0.9887
0.9912
0.9937
0.9944
0.9975
1.0
1.001
1.004
1.005
1.008
1.009
1.012
1.013
1.016
1.017
1.019
1.021
1.023
1.025
1.027
1.028
1.031
1.032
1.034
1.036
1.038
1.039
1.041
1.043
1.045
1.046
1.048
1.049
1.051
1.053
1.055
1.056
1.058
1.059
1.061
1.062
1.064
1.065
1.067
1.068
1.07
1.071
1.073
1.074
1.076
1.077
1.079
1.08
1.081
1.083
1.084
1.085
1.087
1.088
1.089
1.09
1.092
1.093
1.094
1.095
1.097
1.098
1.099
1.1
1.101
1.102
1.103
1.104
1.105
1.106
1.108
1.108
1.11
1.11
1.112
1.112
1.113
1.114
1.115
1.116
1.117
1.118
1.119
1.119
1.12
1.121
1.122
1.123
1.124
1.124
1.125
1.126
1.126
1.127
1.128
1.128
1.129
1.13
1.13
1.131
1.132
1.132
1.133
1.133
1.134
1.134
1.135
1.135
1.136
1.136
1.137
1.137
1.138
1.138
1.139
1.139
1.139
1.14
1.14
1.14
1.141
1.141
1.141
1.141
1.142
1.142
1.142
1.142
1.143
1.143
1.143
1.143
1.143
1.143
1.144
1.144
1.144
1.144
1.144
1.144
1.144
1.144
1.144
1.144
1.144
1.144
1.144
1.144
1.144
1.144
1.144
1.144
1.144
1.144
1.143
1.143
1.143
1.143
1.143
1.143
1.143
1.142
1.142
1.142
1.142
1.141
1.141
1.141
1.141
1.14
1.14
1.14
1.139
1.139
1.139
1.138
1.138
1.138
1.137
1.137
1.136
1.136
1.136
1.135
1.135
1.134
1.134
1.133
1.133
1.132
1.132
1.131
1.131
1.13
1.13
1.129
1.129
1.128
1.128
1.127
1.127
1.126
1.125
1.125
1.124
1.123
1.123
1.122
1.121
1.121
1.12
1.119
1.119
1.118
1.117
1.116
1.116
1.115
1.114
1.113
1.113
1.112
1.111
1.11
1.11
1.109
1.108
1.107
1.106
1.105
1.105
1.104
1.103
1.102
1.101
1.1
1.1
1.099
1.098
1.097
1.096
1.095
1.094
1.093
1.092
1.091
1.091
1.089
1.089
1.088
1.087
1.086
1.085
1.084
1.083
1.082
1.081
1.08
1.079
1.078
1.077
1.076
1.075
1.074
1.073
1.071
1.071
1.069
1.069
1.067
1.066
1.065
1.064
1.063
1.062
1.061
1.06
1.059
1.058
1.057
1.056
1.054
1.053
1.052
1.051
1.05
1.049
1.048
1.047
1.045
1.045
1.043
1.042
1.041
1.04
1.039
1.038
1.036
1.035
1.034
1.033
1.032
1.031
1.029
1.028
1.027
1.026
1.025
1.024
1.022
1.021
1.02
1.019
1.018
1.017
1.015
1.014
1.013
1.012
1.011
1.01
1.008
1.007
1.006
1.005
1.004
1.003
1.001
0.9998
0.9994
0.9973
0.997
0.9949
0.9947
0.9925
0.9923
0.9902
0.9899
0.9878
0.9875
0.9854
0.9852
0.983
0.9828
0.9807
0.9804
0.9783
0.9781
0.976
0.9757
0.9736
0.9734
0.9712
0.971
0.9689
0.9687
0.9666
0.9663
0.9642
0.964
0.9619
0.9617
0.9596
0.9593
0.9572
0.957
0.9549
0.9547
0.9526
0.9524
0.9503
0.9501
0.9481
0.9478
0.9458
0.9455
0.9435
0.9433
0.9412
0.941
0.939
0.9388
0.9368
0.9365
0.9345
0.9343
0.9323
0.9321
0.9301
0.9299
0.9279
0.9277
0.9257
0.9255
0.9236
0.9234
0.9214
0.9212
0.9193
0.9191
0.9172
0.9169
0.915
0.9148
0.9129
0.9127
0.9109
0.9107
0.9088
0.9086
0.9067
0.9065
0.9047
0.9045
0.9027
0.9025
0.9007
0.9005
0.8987
0.8985
0.8967
0.8965
0.8948
0.8946
0.8928
0.8926
0.8909
0.8907
0.889
0.8888
0.8871
0.8869
0.8853
0.8851
0.8834
0.8832
0.8816
0.8814
0.8798
0.8796
0.878
0.8778
0.8762
0.876
0.8745
0.8743
0.8727
0.8726
0.871
0.8709
0.8693
0.8692
0.8677
0.8675
0.866
0.8659
0.8644
0.8643
0.8628
0.8627
0.8612
0.8611
0.8597
0.8595
0.8581
0.858
0.8566
0.8565
0.8551
0.855
0.8537
0.8535
0.8522
0.8521
0.8508
0.8507
0.8494
0.8493
0.848
0.8479
0.8467
0.8465
0.8453
0.8452
0.844
0.8439
0.8427
0.8426
0.8415
0.8413
0.8402
0.8401
0.839
0.8385
0.8378
0.8373
0.8366
0.8366
0.8355
0.835
0.8344
0.8339
0.8333
0.8328
0.8322
0.8317
0.8312
0.8307
0.8301
0.8296
0.8291
0.8287
0.8282
0.8277
0.8272
0.8268
0.8263
0.8259
0.8254
0.825
0.8246
0.8241
0.8237
0.8233
0.8229
0.8225
0.8221
0.8217
0.8213
0.8209
0.8206
0.8202
0.8198
0.8195
0.8191
0.8188
0.8185
0.8182
0.8178
0.8175
0.8172
0.8169
0.8166
0.8163
0.8161
0.8158
0.8155
0.8152
0.815
0.8147
0.8145
0.8143
0.814
0.8138
0.8138
0.8134
0.8132
0.813
0.8128
0.8126
0.8124
0.8122
0.812
0.8119
0.8117
0.8115
0.8114
0.8113
0.8111
0.811
0.8109
0.8108
0.8106
0.8105
0.8104
0.8103
0.8103
0.8102
0.8101
0.81
0.81
0.8099
0.8099
0.8098
0.8098
0.8097
0.8097
0.8097
0.8097
0.8097
0.8096
0.8096
0.8097
0.8097
0.8097
0.8097
0.8097
0.8098
0.8098
0.8098
0.8099
0.81
0.81
0.8101
0.8102
0.8102
0.8103
0.8104
0.8105
0.8106
0.8107
0.8108
0.8109
0.8111
0.8112
0.8113
0.8115
0.8116
0.8118
0.8119
0.8121
0.8122
0.8124
0.8126
0.8128
0.8129
0.813
0.8133
0.8135
0.8137
0.8139
0.8141
0.8144
0.8146
0.8148
0.8151
0.8153
0.8155
0.8158
0.816
0.8163
0.8166
0.8168
0.8171
0.8174
0.8177
0.8179
0.8182
0.8185
0.8188
0.8191
0.8195
0.8197
0.8201
0.8204
0.8207
0.821
0.8214
0.8217
0.8221
0.8224
0.8228
0.8231
0.8235
0.8239
0.8242
0.8246
0.825
0.8253
0.8257
0.8261
0.8265
0.8269
0.8273
0.8277
0.8281
0.8285
0.829
0.8294
0.8298
0.8302
0.8307
0.8311
0.8315
0.832
0.8324
0.8329
0.8333
0.8338
0.8342
0.8347
0.8352
0.8356
0.8361
0.8366
0.8371
0.8375
0.838
0.8385
0.839
0.8395
0.84
0.8405
0.841
0.8415
0.842
0.8426
0.843
0.8436
0.844
0.8446
0.8447
0.8457
0.8458
0.8468
0.8472
0.8478
0.8479
0.8489
0.849
0.85
0.8505
0.8513
0.8518
0.8524
0.8529
0.8535
0.854
0.8546
0.8553
0.8558
0.8558
0.8568
0.8569
0.858
0.8581
0.8592
0.8593
0.8603
0.8605
0.8615
0.8617
0.8627
0.8629
0.8639
0.8641
0.8652
0.8653
0.8664
0.8665
0.8676
0.8677
0.8688
0.8689
0.8701
0.8702
0.8713
0.8714
0.8726
0.8727
0.8738
0.8739
0.8751
0.8752
0.8763
0.8765
0.8776
0.8777
0.8789
0.879
0.8801
0.8803
0.8814
0.8816
0.8827
0.8828
0.884
0.8841
0.8853
0.8854
0.8866
0.8867
0.8879
0.888
0.8892
0.8893
0.8905
0.8906
0.8918
0.8919
0.8931
0.8932
0.8944
0.8945
0.8957
0.8958
0.897
0.8972
0.8983
0.8985
0.8996
0.8998
0.901
0.9011
0.9023
0.9024
0.9036
0.9037
0.9049
0.905
0.9062
0.9063
0.9075
0.9077
0.9088
0.909
0.9101
0.9103
0.9115
0.9116
0.9128
0.9129
0.9141
0.9142
0.9154
0.9155
0.9167
0.9168
0.918
0.9181
0.9193
0.9194
0.9206
0.9207
0.9219
0.922
0.9231
0.9233
0.9244
0.9246
0.9257
0.9258
0.927
0.9271
0.9283
0.9284
0.9295
0.9297
0.9308
0.9309
0.9321
0.9322
0.9333
0.9335
0.9346
0.9347
0.9358
0.936
0.9371
0.9372
0.9383
0.9385
0.9396
0.9397
0.9408
0.9409
0.942
0.9421
0.9432
0.9434
0.9444
0.9446
0.9457
0.9458
0.9469
0.947
0.948
0.9482
0.9492
0.9494
0.9504
0.9505
0.9516
0.9517
0.9528
0.9529
0.9539
0.954
0.9551
0.9552
0.9562
0.9563
0.9573
0.9575
0.9585
0.9586
0.9596
0.9597
0.9607
0.9608
0.9618
0.9619
0.9629
0.963
0.964
0.9641
0.9651
0.9652
0.9662
0.9663
0.9672
0.9673
0.9683
0.9684
0.9693
0.9694
0.9704
0.9705
0.9714
0.9715
0.9724
0.9725
0.9734
0.9735
0.9744
0.9745
0.9754
0.9755
0.9764
0.9765
0.9774
0.9775
0.9783
0.9784
0.9793
0.9794
0.9802
0.9803
0.9812
0.9812
0.9821
0.9822
0.983
0.9831
0.9839
0.984
0.9848
0.9849
0.9857
0.9857
0.9865
0.9866
0.9874
0.9875
0.9882
0.9883
0.9891
0.9892
0.9899
0.99
0.9907
0.9908
0.9915
0.9916
0.9923
0.9924
0.9931
0.9932
0.9939
0.994
0.9946
0.9947
0.9954
0.9955
0.9961
0.9962
0.9969
0.9969
0.9976
0.9977
0.9983
0.9984
0.999
0.9991
0.9996
0.9998
1.0
1.001
1.001
1.001
1.002
1.002
1.002
1.002
1.003
1.003
1.003
1.004
1.004
1.004
1.005
1.005
1.005
1.005
1.006
1.006
1.006
1.007
1.007
1.007
1.007
1.008
1.008
1.008
1.009
1.009
1.009
1.009
1.01
1.01
1.01
1.01
1.01
1.011
1.011
1.011
1.011
1.012
1.012
1.012
1.012
1.012
1.013
1.013
1.013
1.013
1.013
1.014
1.014
1.014
1.014
1.014
1.015
1.015
1.015
1.015
1.015
1.015
1.016
1.016
1.016
1.016
1.016
1.016
1.016
1.017
1.017
1.017
1.017
1.017
1.017
1.017
1.017
1.018
1.018
1.018
1.018
1.018
1.018
1.018
1.018
1.018
1.019
1.019
1.019
1.019
1.019
1.019
1.019
1.019
1.019
1.019
1.019
1.019
1.02
1.02
1.02
1.02
1.02
1.02
1.02
1.02
1.02
1.02
1.02
1.02
1.02
1.02
1.02
1.02
1.02
1.02
1.02
1.02
1.02
1.02
1.02
1.02
1.02
1.02
1.02
1.02
1.02
1.02
1.02
1.02
1.02
1.02
1.02
1.02
1.02
1.02
1.02
1.02
1.02
1.02
1.02
1.02
1.02
1.02
1.02
1.02
1.02
1.02
1.02
1.02
1.02
1.019
1.019
1.019
1.019
1.019
1.019
1.019
1.019
1.019
1.019
1.019
1.019
1.019
1.019
1.018
1.018
1.018
1.018
1.018
1.018
1.018
1.018
1.018
1.018
1.018
1.017
1.017
1.017
1.017
1.017
1.017
1.017
1.017
1.017
1.016
1.016
1.016
1.016
1.016
1.016
1.016
1.016
1.015
1.015
1.015
1.015
1.015
1.015
1.015
1.014
1.014
1.014
1.014
1.014
1.014
1.014
1.013
1.013
1.013
1.013
1.013
1.013
1.012
1.012
1.012
1.012
1.012
1.012
1.012
1.011
1.011
1.011
1.011
1.011
1.011
1.01
1.01
1.01
1.01
1.01
1.009
1.009
1.009
1.009
1.009
1.009
1.008
1.008
1.008
1.008
1.008
1.007
1.007
1.007
1.007
1.007
1.006
1.006
1.006
1.006
1.006
1.006
1.005
1.005
1.005
1.005
1.004
1.004
1.004
1.004
1.004
1.004
1.003
1.003
1.003
1.003
1.002
1.002
1.002
1.002
1.002
1.001
1.001
1.001
1.001
1.001
1.0
1.0
1.0
0.9997
0.9996
0.9993
0.9991
0.9989
0.9987
0.9985
0.9983
0.998
0.9979
0.9976
0.9974
0.9972
0.997
0.9967
0.9966
0.9963
0.9961
0.9959
0.9957
0.9954
0.9953
0.995
0.9948
0.9946
0.9944
0.9941
0.994
0.9937
0.9935
0.9933
0.9931
0.9928
0.9927
0.9924
0.9922
0.992
0.9918
0.9915
0.9914
0.9911
0.9909
0.9907
0.9905
0.9902
0.9901
0.9898
0.9896
0.9894
0.9892
0.9889
0.9888
0.9885
0.9883
0.9881
0.9879
0.9877
0.9875
0.9872
0.9871
0.9868
0.9866
0.9864
0.9862
0.986
0.9858
0.9856
0.9854
0.9851
0.985
0.9847
0.9846
0.9843
0.9841
0.9839
0.9837
0.9835
0.9833
0.9831
0.9829
0.9827
0.9825
0.9823
0.9821
0.9819
0.9817
0.9815
0.9813
0.9811
0.9809
0.9807
0.9805
0.9803
0.9801
0.9799
0.9797
0.9795
0.9793
0.9791
0.9789
0.9787
0.9786
0.9783
0.9782
0.978
0.9778
0.9776
0.9774
0.9772
0.9771
0.9768
0.9767
0.9765
0.9763
0.9761
0.976
0.9758
0.9756
0.9754
0.9753
0.975
0.9749
0.9747
0.9746
0.9744
0.9742
0.974
0.9739
0.9737
0.9735
0.9733
0.9732
0.973
0.9729
0.9727
0.9725
0.9723
0.9722
0.972
0.9719
0.9717
0.9716
0.9714
0.9713
0.9711
0.971
0.9708
0.9707
0.9705
0.9704
0.9702
0.9701
0.9699
0.9698
0.9696
0.9695
0.9693
0.9692
0.969
0.9689
0.9688
0.9686
0.9685
0.9684
0.9682
0.9681
0.9679
0.9678
0.9677
0.9676
0.9674
0.9673
0.9671
0.967
0.9669
0.9668
0.9666
0.9665
0.9664
0.9663
0.9662
0.966
0.9659
0.9658
0.9657
0.9656
0.9655
0.9654
0.9653
0.9652
0.9651
0.965
0.9649
0.9647
0.9646
0.9645
0.9644
0.9644
0.9643
0.9642
0.9641
0.964
0.9639
0.9638
0.9637
0.9636
0.9635
0.9634
0.9634
0.9633
0.9632
0.9631
0.963
0.963
0.9629
0.9628
0.9627
0.9626
0.9626
0.9625
0.9624
0.9624
0.9623
0.9623
0.9622
0.9621
0.962
0.962
0.9619
0.9619
0.9618
0.9617
0.9617
0.9616
0.9616
0.9615
0.9615
0.9614
0.9614
0.9613
0.9613
0.9612
0.9612
0.9611
0.9611
0.961
0.961
0.961
0.9609
0.9609
0.9609
0.9608
0.9608
0.9608
0.9607
0.9607
0.9607
0.9606
0.9606
0.9606
0.9606
0.9605
0.9605
0.9605
0.9605
0.9605
0.9604
0.9604
0.9604
0.9604
0.9604
0.9604
0.9604
0.9604
0.9603
0.9603
0.9603
0.9603
0.9603
0.9603
0.9603
0.9603
0.9603
0.9603
0.9603
0.9603
0.9603
0.9603
0.9603
0.9604
0.9604
0.9604
0.9604
0.9604
0.9604
0.9604
0.9604
0.9605
0.9605
0.9605
0.9605
0.9605
0.9606
0.9606
0.9606
0.9606
0.9606
0.9607
0.9607
0.9607
0.9608
0.9608
0.9608
0.9609
0.9609
0.9609
0.961
0.961
0.961
0.9611
0.9611
0.9611
0.9612
0.9612
0.9613
0.9613
0.9614
0.9614
0.9615
0.9615
0.9616
0.9616
0.9617
0.9617
0.9618
0.9618
0.9619
0.9619
0.962
0.962
0.9621
0.9622
0.9622
0.9623
0.9623
0.9624
0.9625
0.9625
0.9626
0.9627
0.9627
0.9628
0.9629
0.9629
0.963
0.9631
0.9631
0.9632
0.9633
0.9634
0.9634
0.9635
0.9636
0.9637
0.9637
0.9638
0.9639
0.964
0.964
0.9641
0.9642
0.9643
0.9644
0.9645
0.9645
0.9646
0.9647
0.9648
0.9649
0.965
0.9651
0.9652
0.9653
0.9653
0.9654
0.9655
0.9656
0.9657
0.9658
0.9659
0.966
0.9661
0.9662
0.9663
0.9664
0.9665
0.9666
0.9667
0.9668
0.9669
0.967
0.9671
0.9672
0.9673
0.9674
0.9675
0.9676
0.9677
0.9678
0.9679
0.968
0.9681
0.9682
0.9683
0.9684
0.9685
0.9686
0.9687
0.9688
0.969
0.9691
0.9692
0.9693
0.9694
0.9696
0.9696
0.9697
0.9699
0.9699
0.9701
0.9702
0.9703
0.9704
0.9705
0.9706
0.9708
0.9709
0.971
0.9711
0.9712
0.9713
0.9715
0.9716
0.9717
0.9718
0.972
0.9721
0.9722
0.9723
0.9724
0.9725
0.9727
0.9728
0.9729
0.973
0.9732
0.9733
0.9734
0.9735
0.9737
0.9738
0.9739
0.974
0.9742
0.9743
0.9744
0.9745
0.9747
0.9748
0.9749
0.975
0.9752
0.9753
0.9754
0.9755
0.9757
0.9758
0.9759
0.976
0.9762
0.9763
0.9764
0.9765
0.9767
0.9768
0.977
0.9771
0.9772
0.9773
0.9775
0.9776
0.9777
0.9778
0.978
0.9781
0.9782
0.9783
0.9785
0.9786
0.9787
0.9788
0.979
0.9791
0.9793
0.9794
0.9795
0.9796
0.9798
0.9799
0.98
0.9801
0.9803
0.9804
0.9805
0.9806
0.9808
0.9809
0.9811
0.9812
0.9813
0.9814
0.9816
0.9817
0.9818
0.9819
0.9821
0.9822
0.9823
0.9824
0.9826
0.9827
0.9828
0.9829
0.9831
0.9832
0.9833
0.9834
0.9836
0.9837
0.9838
0.9839
0.9841
0.9842
0.9843
0.9844
0.9846
0.9847
0.9848
0.9849
0.9851
0.9852
0.9853
0.9854
0.9855
0.9856
0.9858
0.9859
0.986
0.9861
0.9863
0.9864
0.9865
0.9866
0.9868
0.9868
0.987
0.9871
0.9872
0.9873
0.9875
0.9876
0.9877
0.9878
0.9879
0.988
0.9882
0.9882
0.9884
0.9885
0.9886
0.9887
0.9888
0.9889
0.9891
0.9892
0.9893
0.9894
0.9895
0.9896
0.9897
0.9898
0.99
0.99
0.9902
0.9903
0.9904
0.9905
0.9906
0.9907
0.9908
0.9909
0.991
0.9911
0.9912
0.9913
0.9915
0.9915
0.9917
0.9917
0.9919
0.9919
0.9921
0.9921
0.9923
0.9923
0.9925
0.9925
0.9927
0.9927
0.9929
0.9929
0.9931
0.9931
0.9933
0.9933
0.9934
0.9935
0.9936
0.9937
0.9938
0.9939
0.994
0.9941
0.9942
0.9943
0.9944
0.9944
0.9946
0.9946
0.9947
0.9948
0.9949
0.995
0.9951
0.9951
0.9953
0.9953
0.9954
0.9955
0.9956
0.9957
0.9958
0.9958
0.9959
0.996
0.9961
0.9961
0.9962
0.9963
0.9964
0.9965
0.9966
0.9966
0.9967
0.9968
0.9969
0.9969
0.997
0.9971
0.9972
0.9972
0.9973
0.9974
0.9974
0.9975
0.9976
0.9976
0.9977
0.9978
0.9979
0.9979
0.998
0.998
0.9981
0.9982
0.9983
0.9983
0.9984
0.9984
0.9985
0.9986
0.9986
0.9987
0.9988
0.9988
0.9989
0.9989
0.999
0.999
0.9991
0.9992
0.9992
0.9993
0.9993
0.9994
0.9994
0.9995
0.9995
0.9996
0.9997
0.9997
0.9998
0.9998
0.9999
0.9999
0.9999
1.0
1.0
1.0
1.0
1.0
1.0
1.0
1.0
1.0
1.0
1.0
1.0
1.001
1.001
1.001
1.001
1.001
1.001
1.001
1.001
1.001
1.001
1.001
1.001
1.001
1.001
1.001
1.001
1.001
1.001
1.001
1.001
1.001
1.001
1.001
1.001
1.001
1.001
1.001
1.001
1.001
1.001
1.002
1.002
1.002
1.002
1.002
1.002
1.002
1.002
1.002
1.002
1.002
1.002
1.002
1.002
1.002
1.002
1.002
1.002
1.002
1.002
1.002
1.002
1.002
1.002
1.002
1.002
1.002
1.002
1.002
1.002
1.002
1.002
1.002
1.002
1.002
1.002
1.002
1.002
1.002
1.002
1.002
1.002
1.002
1.002
1.002
1.002
1.002
1.002
1.002
1.002
1.002
1.002
1.002
1.002
1.002
1.002
1.002
1.002
1.002
1.002
1.002
1.002
1.002
1.002
1.002
1.002
1.002
1.002
1.002
1.002
1.002
1.002
1.002
1.002
1.002
1.002
1.002
1.002
1.002
1.002
1.002
1.002
1.002
1.002
1.002
1.002
1.002
1.002
1.002
1.002
1.002
1.002
1.002
1.002
1.002
1.002
1.002
1.002
1.002
1.002
1.002
1.002
1.002
1.002
1.002
1.002
1.002
1.002
1.002
1.002
1.002
1.002
1.002
1.001
1.001
1.001
1.001
1.001
1.001
1.001
1.001
1.001
1.001
1.001
1.001
1.001
1.001
1.001
1.001
1.001
1.001
1.001
1.001
1.001
1.001
1.001
1.001
1.001
1.001
1.001
1.001
1.001
1.001
1.001
1.001
1.001
1.001
1.001
1.001
1.001
1.0
1.0
1.0
1.0
1.0
1.0
1.0
1.0
1.0
1.0
1.0
1.0
1.0
1.0
1.0
1.0
1.0
0.9999
0.9999
0.9999
0.9998
0.9998
0.9998
0.9997
0.9997
0.9997
0.9996
0.9996
0.9996
0.9995
0.9995
0.9995
0.9994
0.9994
0.9993
0.9993
0.9993
0.9992
0.9992
0.9992
0.9991
0.9991
0.999
0.999
0.999
0.9989
0.9989
0.9989
0.9988
0.9988
0.9987
0.9987
0.9987
0.9986
0.9986
0.9986
0.9985
0.9985
0.9984
0.9984
0.9984
0.9983
0.9983
0.9983
0.9982
0.9982
0.9981
0.9981
0.9981
0.998
0.998
0.9979
0.9979
0.9979
0.9978
0.9978
0.9977
0.9977
0.9977
0.9976
0.9976
0.9976
0.9975
0.9975
0.9974
0.9974
0.9974
0.9973
0.9973
0.9972
0.9972
0.9972
0.9971
0.9971
0.997
0.997
0.997
0.9969
0.9969
0.9969
0.9968
0.9968
0.9967
0.9967
0.9966
0.9966
0.9966
0.9965
0.9965
0.9965
0.9964
0.9964
0.9963
0.9963
0.9963
0.9962
0.9962
0.9962
0.9961
0.9961
0.996
0.996
0.996
0.9959
0.9959
0.9959
0.9958
0.9958
0.9957
0.9957
0.9957
0.9956
0.9956
0.9956
0.9955
0.9955
0.9954
0.9954
0.9954
0.9953
0.9953
0.9953
0.9952
0.9952
0.9952
0.9951
0.9951
0.9951
0.995
0.995
0.9949
0.9949
0.9949
0.9948
0.9948
0.9948
0.9947
0.9947
0.9947
0.9946
0.9946
0.9946
0.9945
0.9945
0.9945
0.9944
0.9944
0.9944
0.9943
0.9943
0.9943
0.9942
0.9942
0.9942
0.9941
0.9941
0.9941
0.9941
0.994
0.994
0.994
0.9939
0.9939
0.9939
0.9938
0.9938
0.9938
0.9938
0.9937
0.9937
0.9937
0.9936
0.9936
0.9936
0.9935
0.9935
0.9935
0.9935
0.9934
0.9934
0.9934
0.9934
0.9933
0.9933
0.9933
0.9932
0.9932
0.9932
0.9932
0.9931
0.9931
0.9931
0.9931
0.993
0.993
0.993
0.993
0.9929
0.9929
0.9929
0.9929
0.9928
0.9928
0.9928
0.9928
0.9928
0.9927
0.9927
0.9927
0.9927
0.9926
0.9926
0.9926
0.9926
0.9926
0.9925
0.9925
0.9925
0.9925
0.9925
0.9924
0.9924
0.9924
0.9924
0.9924
0.9923
0.9923
0.9923
0.9923
0.9923
0.9923
0.9922
0.9922
0.9922
0.9922
0.9922
0.9922
0.9921
0.9921
0.9921
0.9921
0.9921
0.9921
0.9921
0.992
0.992
0.992
0.992
0.992
0.992
0.992
0.992
0.9919
0.9919
0.9919
0.9919
0.9919
0.9919
0.9919
0.9919
0.9919
0.9918
0.9918
0.9918
0.9918
0.9918
0.9918
0.9918
0.9918
0.9918
0.9918
0.9917
0.9917
0.9917
0.9917
0.9917
0.9917
0.9917
0.9917
0.9917
0.9917
0.9917
0.9917
0.9917
0.9917
0.9917
0.9917
0.9916
0.9916
0.9916
0.9916
0.9916
0.9916
0.9916
0.9916
0.9916
0.9916
0.9916
0.9916
0.9916
0.9916
0.9916
0.9916
0.9916
0.9916
0.9916
0.9916
0.9916
0.9916
0.9916
0.9916
0.9916
0.9916
0.9916
0.9916
0.9916
0.9916
0.9916
0.9916
0.9916
0.9916
0.9916
0.9916
0.9916
0.9916
0.9916
0.9916
0.9916
0.9916
0.9916
0.9916
0.9917
0.9917
0.9917
0.9917
0.9917
0.9917
0.9917
0.9917
0.9917
0.9917
0.9917
0.9917
0.9917
0.9917
0.9917
0.9917
0.9918
0.9918
0.9918
0.9918
0.9918
0.9918
0.9918
0.9918
0.9918
0.9918
0.9918
0.9918
0.9919
0.9919
0.9919
0.9919
0.9919
0.9919
0.9919
0.9919
0.9919
0.992
0.992
0.992
0.992
0.992
0.992
0.992
0.992
0.992
0.9921
0.9921
0.9921
0.9921
0.9921
0.9921
0.9921
0.9922
0.9922
0.9922
0.9922
0.9922
0.9922
0.9922
0.9923
0.9923
0.9923
0.9923
0.9923
0.9923
0.9923
0.9924
0.9924
0.9924
0.9924
0.9924
0.9924
0.9925
0.9925
0.9925
0.9925
0.9925
0.9925
0.9926
0.9926
0.9926
0.9926
0.9926
0.9927
0.9927
0.9927
0.9927
0.9927
0.9927
0.9928
0.9928
0.9928
0.9928
0.9928
0.9929
0.9929
0.9929
0.9929
0.9929
0.993
0.993
0.993
0.993
0.993
0.9931
0.9931
0.9931
0.9931
0.9931
0.9932
0.9932
0.9932
0.9932
0.9932
0.9933
0.9933
0.9933
0.9933
0.9934
0.9934
0.9934
0.9934
0.9934
0.9935
0.9935
0.9935
0.9935
0.9936
0.9936
0.9936
0.9936
0.9936
0.9937
0.9937
0.9937
0.9937
0.9938
0.9938
0.9938
0.9938
0.9939
0.9939
0.9939
0.9939
0.994
0.994
0.994
0.994
0.994
0.9941
0.9941
0.9941
0.9941
0.9942
0.9942
0.9942
0.9942
0.9943
0.9943
0.9943
0.9943
0.9943
0.9944
0.9944
0.9944
0.9945
0.9945
0.9945
0.9945
0.9945
0.9946
0.9946
0.9946
0.9947
0.9947
0.9947
0.9947
0.9947
0.9948
0.9948
0.9948
0.9948
0.9949
0.9949
0.9949
0.995
0.995
0.995
0.995
0.9951
0.9951
0.9951
0.9951
0.9951
0.9952
0.9952
0.9952
0.9952
0.9953
0.9953
0.9953
0.9954
0.9954
0.9954
0.9954
0.9955
0.9955
0.9955
0.9955
0.9956
0.9956
0.9956
0.9956
0.9957
0.9957
0.9957
0.9957
0.9958
0.9958
0.9958
0.9958
0.9959
0.9959
0.9959
0.9959
0.996
0.996
0.996
0.996
0.9961
0.9961
0.9961
0.9961
0.9962
0.9962
0.9962
0.9962
0.9963
0.9963
0.9963
0.9963
0.9963
0.9964
0.9964
0.9964
0.9964
0.9965
0.9965
0.9965
0.9965
0.9966
0.9966
0.9966
0.9966
0.9967
0.9967
0.9967
0.9967
0.9968
0.9968
0.9968
0.9968
0.9968
0.9969
0.9969
0.9969
0.9969
0.997
0.997
0.997
0.997
0.9971
0.9971
0.9971
0.9971
0.9972
0.9972
0.9972
0.9972
0.9972
0.9973
0.9973
0.9973
0.9973
0.9974
0.9974
0.9974
0.9974
0.9974
0.9975
0.9975
0.9975
0.9975
0.9976
0.9976
0.9976
0.9976
0.9976
0.9977
0.9977
0.9977
0.9977
0.9977
0.9978
0.9978
0.9978
0.9978
0.9978
0.9979
0.9979
0.9979
0.9979
0.9979
0.998
0.998
0.998
0.998
0.998
0.9981
0.9981
0.9981
0.9981
0.9981
0.9982
0.9982
0.9982
0.9982
0.9982
0.9983
0.9983
0.9983
0.9983
0.9983
0.9983
0.9984
0.9984
0.9984
0.9984
0.9984
0.9985
0.9985
0.9985
0.9985
0.9985
0.9985
0.9986
0.9986
0.9986
0.9986
0.9986
0.9986
0.9987
0.9987
0.9987
0.9987
0.9987
0.9987
0.9988
0.9988
0.9988
0.9988
0.9988
0.9988
0.9989
0.9989
0.9989
0.9989
0.9989
0.9989
0.9989
0.999
0.999
0.999
0.999
0.999
0.999
0.999
0.9991
0.9991
0.9991
0.9991
0.9991
0.9991
0.9991
0.9991
0.9992
0.9992
0.9992
0.9992
0.9992
0.9992
0.9992
0.9993
0.9993
0.9993
0.9993
0.9993
0.9993
0.9993
0.9993
0.9993
0.9994
0.9994
0.9994
0.9994
0.9994
0.9994
0.9994
0.9994
0.9994
0.9995
0.9995
0.9995
0.9995
0.9995
0.9995
0.9995
0.9995
0.9995
0.9996
0.9996
0.9996
0.9996
0.9996
0.9996
0.9996
0.9996
0.9996
0.9996
0.9996
0.9996
0.9997
0.9997
0.9997
0.9997
0.9997
0.9997
0.9997
0.9997
0.9997
0.9997
0.9997
0.9997
0.9997
0.9998
0.9998
0.9998
0.9998
0.9998
0.9998
0.9998
0.9998
0.9998
0.9998
0.9998
0.9998
0.9998
0.9998
0.9998
0.9999
0.9999
0.9999
0.9999
0.9999
0.9999
0.9999
0.9999
0.9999
0.9999
0.9999
0.9999
0.9999
0.9999
0.9999
0.9999
0.9999
0.9999
0.9999
0.9999
0.9999
0.9999
0.9999
1.0
1.0
1.0
1.0
1.0
1.0
1.0
1.0
1.0
1.0
1.0
1.0
1.0
1.0
1.0
1.0
1.0
1.0
1.0
1.0
1.0
1.0
1.0
1.0
1.0
1.0
1.0
1.0
1.0
1.0
1.0
1.0
1.0
1.0
1.0
1.0
1.0
1.0
1.0
1.0
1.0
1.0
1.0
1.0
1.0
1.0
1.0
1.0
1.0
1.0
1.0
1.0
1.0
1.0
1.0
1.0
1.0
1.0
1.0
1.0
1.0
1.0
1.0
1.0
1.0
1.0
1.0
1.0
1.0
1.0
1.0
1.0
1.0
1.0
1.0
1.0
1.0
1.0
1.0
0.9999
0.9999
0.9999
0.9999
0.9999
0.9999
0.9999
0.9999
0.9999
0.9999
0.9999
0.9999
0.9999
0.9999
0.9999
0.9999
0.9999
0.9999
0.9999
0.9999
0.9999
0.9999
0.9999
0.9999
0.9999
0.9999
0.9999
0.9998
0.9998
0.9998
0.9998
0.9998
0.9998
0.9998
0.9998
0.9998
0.9998
0.9998
0.9998
0.9998
0.9998
0.9998
0.9998
0.9998
0.9998
0.9998
0.9998
0.9997
0.9997
0.9997
0.9997
0.9997
0.9997
0.9997
0.9997
0.9997
0.9997
0.9997
0.9997
0.9997
0.9997
0.9997
0.9997
0.9997
0.9997
0.9996
0.9996
0.9996
0.9996
0.9996
0.9996
0.9996
0.9996
0.9996
0.9996
0.9996
0.9996
0.9996
0.9996
0.9996
0.9996
0.9995
0.9995
0.9995
0.9995
0.9995
0.9995
0.9995
0.9995
0.9995
0.9995
0.9995
0.9995
0.9995
0.9995
0.9995
0.9995
0.9994
0.9994
0.9994
0.9994
0.9994
0.9994
0.9994
0.9994
0.9994
0.9994
0.9994
0.9994
0.9994
0.9994
0.9994
0.9993
0.9993
0.9993
0.9993
0.9993
0.9993
0.9993
0.9993
0.9993
0.9993
0.9993
0.9993
0.9993
0.9993
0.9992
0.9992
0.9992
0.9992
0.9992
0.9992
0.9992
0.9992
0.9992
0.9992
0.9992
0.9992
0.9992
0.9992
0.9991
0.9991
0.9991
0.9991
0.9991
0.9991
0.9991
0.9991
0.9991
0.9991
0.9991
0.9991
0.9991
0.9991
0.9991
0.999
0.999
0.999
0.999
0.999
0.999
0.999
0.999
0.999
0.999
0.999
0.999
0.999
0.999
0.999
0.9989
0.9989
0.9989
0.9989
0.9989
0.9989
0.9989
0.9989
0.9989
0.9989
0.9989
0.9989
0.9989
0.9989
0.9989
0.9988
0.9988
0.9988
0.9988
0.9988
0.9988
0.9988
0.9988
0.9988
0.9988
0.9988
0.9988
0.9988
0.9988
0.9988
0.9988
0.9987
0.9987
0.9987
0.9987
0.9987
0.9987
0.9987
0.9987
0.9987
0.9987
0.9987
0.9987
0.9987
0.9987
0.9987
0.9987
0.9986
0.9986
0.9986
0.9986
0.9986
0.9986
0.9986
0.9986
0.9986
0.9986
0.9986
0.9986
0.9986
0.9986
0.9986
0.9986
0.9986
0.9986
0.9986
0.9985
0.9985
0.9985
0.9985
0.9985
0.9985
0.9985
0.9985
0.9985
0.9985
0.9985
0.9985
0.9985
0.9985
0.9985
0.9985
0.9985
0.9985
0.9985
0.9985
0.9984
0.9984
0.9984
0.9984
0.9984
0.9984
0.9984
0.9984
0.9984
0.9984
0.9984
0.9984
0.9984
0.9984
0.9984
0.9984
0.9984
0.9984
0.9984
0.9984
0.9984
0.9984
0.9984
0.9984
0.9984
0.9984
0.9983
0.9983
0.9983
0.9983
0.9983
0.9983
0.9983
0.9983
0.9983
0.9983
0.9983
0.9983
0.9983
0.9983
0.9983
0.9983
0.9983
0.9983
0.9983
0.9983
0.9983
0.9983
0.9983
0.9983
0.9983
0.9983
0.9983
0.9983
0.9983
0.9983
0.9983
0.9983
0.9983
0.9983
0.9983
0.9982
0.9982
0.9982
0.9982
0.9982
0.9982
0.9982
0.9982
0.9982
0.9982
0.9982
0.9982
0.9982
0.9982
0.9982
0.9982
0.9982
0.9982
0.9982
0.9982
0.9982
0.9982
0.9982
0.9982
0.9982
0.9982
0.9982
0.9982
0.9982
0.9982
0.9982
0.9982
0.9982
0.9982
0.9982
0.9982
0.9982
0.9982
0.9982
0.9982
0.9982
0.9982
0.9982
0.9982
0.9982
0.9982
0.9982
0.9982
0.9982
0.9982
0.9982
0.9982
0.9982
0.9982
0.9982
0.9982
0.9982
0.9982
0.9982
0.9982
0.9982
0.9982
0.9982
0.9982
0.9982
0.9982
0.9982
0.9982
0.9982
0.9982
0.9982
0.9982
0.9982
0.9982
0.9982
0.9982
0.9982
0.9982
0.9982
0.9982
0.9982
0.9982
0.9982
0.9982
0.9982
0.9982
0.9982
0.9982
0.9982
0.9982
0.9982
0.9982
0.9982
0.9982
0.9982
0.9982
0.9982
0.9982
0.9982
0.9982
0.9982
0.9982
0.9982
0.9982
0.9982
0.9982
0.9983
0.9983
0.9983
0.9983
0.9983
0.9983
0.9983
0.9983
0.9983
0.9983
0.9983
0.9983
0.9983
0.9983
0.9983
0.9983
0.9983
0.9983
0.9983
0.9983
0.9983
0.9983
0.9983
0.9983
0.9983
0.9983
0.9983
0.9983
0.9983
0.9983
0.9983
0.9983
0.9983
0.9983
0.9983
0.9983
0.9983
0.9983
0.9984
0.9984
0.9984
0.9984
0.9984
0.9984
0.9984
0.9984
0.9984
0.9984
0.9984
0.9984
0.9984
0.9984
0.9984
0.9984
0.9984
0.9984
0.9984
0.9984
0.9984
0.9984
0.9984
0.9984
0.9984
0.9984
0.9984
0.9984
0.9984
0.9985
0.9985
0.9985
0.9985
0.9985
0.9985
0.9985
0.9985
0.9985
0.9985
0.9985
0.9985
0.9985
0.9985
0.9985
0.9985
0.9985
0.9985
0.9985
0.9985
0.9985
0.9985
0.9985
0.9985
0.9986
0.9986
0.9986
0.9986
0.9986
0.9986
0.9986
0.9986
0.9986
0.9986
0.9986
0.9986
0.9986
0.9986
0.9986
0.9986
0.9986
0.9986
0.9986
0.9986
0.9986
0.9986
0.9986
0.9987
0.9987
0.9987
0.9987
0.9987
0.9987
0.9987
0.9987
0.9987
0.9987
0.9987
0.9987
0.9987
0.9987
0.9987
0.9987
0.9987
0.9987
0.9987
0.9987
0.9987
0.9988
0.9988
0.9988
0.9988
0.9988
0.9988
0.9988
0.9988
0.9988
0.9988
0.9988
0.9988
0.9988
0.9988
0.9988
0.9988
0.9988
0.9988
0.9988
0.9988
0.9989
0.9989
0.9989
0.9989
0.9989
0.9989
0.9989
0.9989
0.9989
0.9989
0.9989
0.9989
0.9989
0.9989
0.9989
0.9989
0.9989
0.9989
0.9989
0.9989
0.9989
0.999
0.999
0.999
0.999
0.999
0.999
0.999
0.999
0.999
0.999
0.999
0.999
0.999
0.999
0.999
0.999
0.999
0.999
0.999
0.999
0.9991
0.9991
0.9991
0.9991
0.9991
0.9991
0.9991
0.9991
0.9991
0.9991
0.9991
0.9991
0.9991
0.9991
0.9991
0.9991
0.9991
0.9991
0.9991
0.9991
0.9992
0.9992
0.9992
0.9992
0.9992
0.9992
0.9992
0.9992
0.9992
0.9992
0.9992
0.9992
0.9992
0.9992
0.9992
0.9992
0.9992
0.9992
0.9992
0.9992
0.9992
0.9993
0.9993
0.9993
0.9993
0.9993
0.9993
0.9993
0.9993
0.9993
0.9993
0.9993
0.9993
0.9993
0.9993
0.9993
0.9993
0.9993
0.9993
0.9993
0.9993
0.9993
0.9994
0.9994
0.9994
0.9994
0.9994
0.9994
0.9994
0.9994
0.9994
0.9994
0.9994
0.9994
0.9994
0.9994
0.9994
0.9994
0.9994
0.9994
0.9994
0.9994
0.9994
0.9994
0.9994
0.9994
0.9995
0.9995
0.9995
0.9995
0.9995
0.9995
0.9995
0.9995
0.9995
0.9995
0.9995
0.9995
0.9995
0.9995
0.9995
0.9995
0.9995
0.9995
0.9995
0.9995
0.9995
0.9995
0.9995
0.9995
0.9995
0.9995
0.9996
0.9996
0.9996
0.9996
0.9996
0.9996
0.9996
0.9996
0.9996
0.9996
0.9996
0.9996
0.9996
0.9996
0.9996
0.9996
0.9996
0.9996
0.9996
0.9996
0.9996
0.9996
0.9996
0.9996
0.9996
0.9996
0.9996
0.9996
0.9996
0.9997
0.9997
0.9997
0.9997
0.9997
0.9997
0.9997
0.9997
0.9997
0.9997
0.9997
0.9997
0.9997
0.9997
0.9997
0.9997
0.9997
0.9997
0.9997
0.9997
0.9997
0.9997
0.9997
0.9997
0.9997
0.9997
0.9997
0.9997
0.9997
0.9997
0.9997
0.9997
0.9997
0.9997
0.9997
0.9997
0.9998
0.9998
0.9998
0.9998
0.9998
0.9998
0.9998
0.9998
0.9998
0.9998
0.9998
0.9998
0.9998
0.9998
0.9998
0.9998
0.9998
0.9998
0.9998
0.9998
0.9998
0.9998
0.9998
0.9998
0.9998
0.9998
0.9998
0.9998
0.9998
0.9998
0.9998
0.9998
0.9998
0.9998
0.9998
0.9998
0.9998
0.9998
0.9998
0.9998
0.9998
0.9998
0.9998
0.9998
0.9998
0.9998
0.9998
0.9998
0.9998
0.9998
0.9998
0.9998
0.9998
0.9999
0.9999
0.9999
0.9999
0.9999
0.9999
0.9999
0.9999
0.9999
0.9999
0.9999
0.9999
0.9999
0.9999
0.9999
0.9999
0.9999
0.9999
0.9999
0.9999
0.9999
0.9999
0.9999
0.9999
0.9999
0.9999
0.9999
0.9999
0.9999
0.9999
0.9999
0.9999
0.9999
0.9999
0.9999
0.9999
0.9999
0.9999
0.9999
0.9999
0.9999
0.9999
0.9999
0.9999
0.9999
0.9999
0.9999
0.9999
0.9999
0.9999
0.9999
0.9999
0.9999
0.9999
0.9999
0.9999
0.9999
0.9999
0.9999
0.9999
0.9999
0.9999
0.9999
0.9999
0.9999
0.9999
0.9999
0.9999
0.9999
0.9999
0.9999
0.9999
0.9999
0.9999
0.9999
0.9999
0.9999
0.9999
0.9999
0.9999
0.9999
0.9999
0.9999
0.9999
0.9999
0.9999
0.9999
0.9999
0.9999
0.9999
0.9999
0.9999
0.9999
0.9999
0.9999
0.9999
0.9999
0.9999
0.9999
0.9999
0.9999
0.9999
0.9999
0.9999
0.9999
0.9999
0.9999
0.9999
0.9999
0.9999
0.9999
0.9999
0.9999
0.9999
0.9999
0.9999
0.9999
0.9999
0.9999
0.9999
0.9999
0.9999
0.9999
0.9999
0.9999
0.9999
0.9999
0.9999
0.9999
0.9999
0.9999
0.9999
0.9999
0.9999
0.9999
0.9999
0.9999
0.9999
0.9999
0.9999
0.9999
0.9999
0.9999
0.9999
0.9999
0.9999
0.9999
0.9999
0.9999
0.9999
0.9999
0.9999
0.9999
0.9999
0.9999
0.9999
0.9999
0.9999
0.9999
0.9999
0.9999
0.9999
0.9999
0.9999
0.9999
0.9999
0.9999
0.9999
0.9999
0.9999
0.9999
0.9999
0.9999
0.9999
0.9999
0.9999
0.9999
0.9998
0.9998
0.9998
0.9998
0.9998
0.9998
0.9998
0.9998
0.9998
0.9998
0.9998
0.9998
0.9998
0.9998
0.9998
0.9998
0.9998
0.9998
0.9998
0.9998
0.9998
0.9998
0.9998
0.9998
0.9998
0.9998
0.9998
0.9998
0.9998
0.9998
0.9998
0.9998
0.9998
0.9998
0.9998
0.9998
0.9998
0.9998
0.9998
0.9998
0.9998
0.9998
0.9998
0.9998
0.9998
0.9998
0.9998
0.9998
0.9998
0.9998
0.9998
0.9998
0.9998
0.9998
0.9998
0.9998
0.9998
0.9998
0.9998
0.9998
0.9998
0.9998
0.9998
0.9998
0.9998
0.9998
0.9998
0.9998
0.9998
0.9998
0.9998
0.9998
0.9998
0.9998
0.9998
0.9998
0.9998
0.9998
0.9998
0.9998
0.9998
0.9998
0.9998
0.9998
0.9998
0.9998
0.9998
0.9998
0.9997
0.9997
0.9997
0.9997
0.9997
0.9997
0.9997
0.9997
0.9997
0.9997
0.9997
0.9997
0.9997
0.9997
0.9997
0.9997
0.9997
0.9997
0.9997
0.9997
0.9997
0.9997
0.9997
0.9997
0.9997
0.9997
0.9997
0.9997
0.9997
0.9997
0.9997
0.9997
0.9997
0.9997
0.9997
0.9997
0.9997
0.9997
0.9997
0.9997
0.9997
0.9997
0.9997
0.9997
0.9997
0.9997
0.9997
0.9997
0.9997
0.9997
0.9997
0.9997
0.9997
0.9997
0.9997
0.9997
0.9997
0.9997
0.9997
0.9997
0.9997
0.9997
0.9997
0.9997
0.9997
0.9997
0.9997
0.9997
0.9997
0.9997
0.9997
0.9997
0.9997
0.9997
0.9997
0.9997
0.9997
0.9997
0.9997
0.9997
0.9997
0.9997
0.9997
0.9997
0.9997
0.9997
0.9997
0.9997
0.9997
0.9997
0.9997
0.9997
0.9997
0.9997
0.9997
0.9997
0.9997
0.9996
0.9996
0.9996
0.9996
0.9996
0.9996
0.9996
0.9996
0.9996
0.9996
0.9996
0.9996
0.9996
0.9996
0.9996
0.9996
0.9996
0.9996
0.9996
0.9996
0.9996
0.9996
0.9996
0.9996
0.9996
0.9996
0.9996
0.9996
0.9996
0.9996
0.9996
0.9996
0.9996
0.9996
0.9996
0.9996
0.9996
0.9996
0.9996
0.9996
0.9996
0.9996
0.9996
0.9996
0.9996
0.9996
0.9996
0.9996
0.9996
0.9996
0.9996
0.9996
0.9996
0.9996
0.9996
0.9996
0.9996
0.9996
0.9996
0.9996
0.9996
0.9996
0.9996
0.9996
0.9996
0.9996
0.9996
0.9996
0.9996
0.9996
0.9996
0.9996
0.9996
0.9996
0.9996
0.9996
0.9996
0.9996
0.9996
0.9996
0.9996
0.9996
0.9996
0.9996
0.9996
0.9996
0.9996
0.9996
0.9996
0.9996
0.9996
0.9996
0.9996
0.9996
0.9996
0.9996
0.9996
0.9996
0.9996
0.9996
0.9996
0.9996
0.9996
0.9996
0.9996
0.9996
0.9996
0.9996
0.9996
0.9996
0.9996
0.9996
0.9996
0.9996
0.9996
0.9996
0.9996
0.9996
0.9996
0.9996
0.9996
0.9996
0.9996
0.9996
0.9996
0.9996
0.9996
0.9996
0.9996
0.9996
0.9996
0.9996
0.9996
0.9996
0.9996
0.9996
0.9996
0.9996
0.9996
0.9996
0.9996
0.9996
0.9996
0.9996
0.9996
0.9996
0.9996
0.9996
0.9996
0.9996
0.9996
0.9996
0.9996
0.9996
0.9996
0.9996
0.9996
0.9996
0.9996
0.9996
0.9996
0.9996
0.9996
0.9996
0.9996
0.9996
0.9996
0.9996
0.9996
0.9996
0.9996
0.9996
0.9996
0.9996
0.9996
0.9996
0.9996
0.9996
0.9996
0.9996
0.9996
0.9996
0.9996
0.9996
0.9996
0.9996
0.9996
0.9996
0.9996
0.9996
0.9996
0.9996
0.9996
0.9996
0.9996
0.9996
0.9996
0.9996
0.9996
0.9996
0.9996
0.9996
0.9996
0.9996
0.9996
0.9996
0.9996
0.9996
0.9996
0.9996
0.9996
0.9996
0.9996
0.9996
0.9996
0.9996
0.9996
0.9996
0.9996
0.9996
0.9996
0.9996
0.9997
0.9997
0.9997
0.9997
0.9997
0.9997
