0
0
0
0.0003079
0.0008907
0.002007
0.003855
0.006632
0.01052
0.01569
0.02229
0.03044
0.04023
0.05175
0.06504
0.08013
0.09702
0.1157
0.1361
0.1581
0.1818
0.2069
0.2312
0.2589
0.2873
0.3181
0.3498
0.3825
0.4158
0.4497
0.4827
0.5156
0.5486
0.5817
0.6146
0.6482
0.6819
0.7151
0.7477
0.7795
0.8098
0.8383
0.8659
0.8924
0.9178
0.9423
0.9663
0.9889
1.01
1.028
1.046
1.063
1.078
1.091
1.103
1.114
1.123
1.13
1.136
1.14
1.143
1.145
1.146
1.145
1.143
1.14
1.136
1.132
1.125
1.118
1.111
1.102
1.093
1.084
1.074
1.064
1.053
1.041
1.029
1.017
1.005
0.9945
0.9824
0.9703
0.9583
0.9465
0.9349
0.9239
0.9135
0.9034
0.8937
0.8844
0.8754
0.8667
0.8585
0.8509
0.8439
0.8376
0.8321
0.8272
0.8226
0.8188
0.8157
0.8131
0.8112
0.8099
0.8092
0.8091
0.8096
0.8106
0.8121
0.8141
0.8167
0.8197
0.8232
0.827
0.8313
0.8359
0.8408
0.846
0.8513
0.8569
0.8627
0.8687
0.8752
0.8817
0.8884
0.8951
0.9018
0.9083
0.9148
0.9211
0.9274
0.9337
0.94
0.9462
0.9523
0.9583
0.964
0.9694
0.9744
0.9792
0.9838
0.9881
0.9922
0.9962
0.9999
1.003
1.006
1.009
1.012
1.014
1.015
1.017
1.018
1.019
1.02
1.021
1.021
1.021
1.021
1.021
1.02
1.019
1.018
1.017
1.016
1.014
1.013
1.011
1.009
1.007
1.005
1.003
1.001
0.9987
0.9966
0.9944
0.9923
0.9902
0.988
0.9859
0.9837
0.9816
0.9796
0.9776
0.9758
0.974
0.9724
0.9708
0.9694
0.968
0.9667
0.9655
0.9644
0.9634
0.9626
0.9619
0.9613
0.9609
0.9605
0.9603
0.9602
0.9602
0.9603
0.9605
0.9608
0.9612
0.9617
0.9623
0.963
0.9637
0.9646
0.9655
0.9664
0.9675
0.9685
0.9695
0.9707
0.972
0.9732
0.9745
0.9758
0.9771
0.9783
0.9796
0.9808
0.9821
0.9834
0.9847
0.9859
0.9872
0.9884
0.9895
0.9906
0.9916
0.9927
0.9936
0.9946
0.9955
0.9963
0.9971
0.9979
0.9986
0.9992
0.9997
1.0
1.001
1.001
1.001
1.002
1.002
1.002
1.002
1.002
1.002
1.002
1.002
1.002
1.002
1.002
1.002
1.002
1.001
1.001
1.001
1.0
1.0
0.9998
0.9994
0.999
0.9986
0.9983
0.9979
0.9975
0.9971
0.9967
0.9963
0.9959
0.9955
0.9951
0.9948
0.9944
0.9941
0.9938
0.9935
0.9932
0.993
0.9927
0.9925
0.9923
0.9921
0.992
0.9919
0.9918
0.9917
0.9916
0.9916
0.9916
0.9916
0.9916
0.9916
0.9917
0.9918
0.9919
0.992
0.9922
0.9923
0.9925
0.9926
0.9928
0.993
0.9933
0.9935
0.9937
0.9939
0.9942
0.9944
0.9947
0.9949
0.9952
0.9954
0.9957
0.9959
0.9962
0.9965
0.9967
0.9969
0.9972
0.9974
0.9976
0.9978
0.998
0.9982
0.9984
0.9986
0.9988
0.9989
0.9991
0.9992
0.9993
0.9995
0.9996
0.9997
0.9998
0.9998
0.9999
1.0
1.0
1.0
1.0
1.0
1.0
1.0
1.0
1.0
1.0
1.0
1.0
0.9999
0.9999
0.9998
0.9998
0.9997
0.9997
0.9996
0.9995
0.9995
0.9994
0.9993
0.9992
0.9992
0.9991
0.999
0.999
0.9989
0.9988
0.9988
0.9987
0.9986
0.9986
0.9985
0.9985
0.9984
0.9984
0.9984
0.9983
0.9983
0.9983
0.9982
0.9982
0.9982
0.9982
0.9982
0.9982
0.9982
0.9982
0.9982
0.9982
0.9982
0.9983
0.9983
0.9983
0.9983
0.9984
0.9984
0.9985
0.9985
0.9985
0.9986
0.9986
0.9987
0.9987
0.9988
0.9988
0.9989
0.9989
0.999
0.999
0.9991
0.9991
0.9992
0.9992
0.9993
0.9993
0.9994
0.9994
0.9995
0.9995
0.9995
0.9996
0.9996
0.9996
0.9997
0.9997
0.9997
0.9998
0.9998
0.9998
0.9998
0.9998
0.9999
0.9999
0.9999
0.9999
0.9999
0.9999
0.9999
0.9999
0.9999
0.9999
0.9999
0.9999
0.9999
0.9999
0.9999
0.9999
0.9999
0.9999
0.9999
0.9999
0.9998
0.9998
0.9998
0.9998
0.9998
0.9998
0.9998
0.9998
0.9998
0.9997
0.9997
0.9997
0.9997
0.9997
0.9997
0.9997
0.9997
0.9997
0.9996
0.9996
0.9996
0.9996
0.9996
0.9996
0.9996
0.9996
0.9996
0.9996
0.9996
0.9996
0.9996
0.9996
0.9996
0.9996
0.9996
0.9996
0.9996
0.9996
0.9996
0.9996
