0
0
0
0
0
0
0
0
0
0
0
0
0
0.0001243
0.0001541
0.0001886
0.0002535
0.0003327
0.0004177
0.0004879
0.0005633
0.0006734
0.0008268
0.001003
0.001148
0.001285
0.00143
0.001684
0.001967
0.002248
0.002464
0.00269
0.002996
0.00342
0.003745
0.004101
0.004475
0.004892
0.005434
0.006013
0.006632
0.007222
0.007748
0.008332
0.008924
0.009528
0.01017
0.01085
0.01162
0.01255
0.01354
0.01456
0.01547
0.0162
0.01728
0.0179
0.0195
0.01992
0.02128
0.02251
0.02398
0.0254
0.02618
0.02758
0.02923
0.03028
0.0321
0.03335
0.0344
0.03629
0.03822
0.03944
0.04077
0.04303
0.04437
0.04665
0.04747
0.05012
0.05229
0.05395
0.05478
0.05679
0.05935
0.06228
0.06351
0.06578
0.06826
0.07014
0.07302
0.0755
0.07809
0.08011
0.08293
0.08361
0.08708
0.09017
0.0929
0.09403
0.09693
0.1005
0.1035
0.106
0.1072
0.1104
0.1142
0.1174
0.1207
0.1214
0.1264
0.1286
0.1321
0.1362
0.1377
0.1425
0.1439
0.1476
0.1518
0.1549
0.1585
0.16
0.1638
0.1682
0.1722
0.1752
0.1767
0.1809
0.1853
0.1895
0.1937
0.1947
0.2009
0.2031
0.2074
0.2122
0.2145
0.2183
0.2236
0.2266
0.2307
0.2335
0.2394
0.2423
0.2454
0.2498
0.2551
0.2577
0.2632
0.265
0.2697
0.275
0.2795
0.2833
0.2851
0.2899
0.2953
0.3002
0.3041
0.3056
0.3117
0.316
0.321
0.3265
0.3279
0.3352
0.3371
0.3422
0.3478
0.3511
0.3566
0.3585
0.3637
0.3693
0.3745
0.3782
0.3801
0.3854
0.391
0.3963
0.4008
0.402
0.4091
0.413
0.4183
0.424
0.4259
0.4331
0.4351
0.4404
0.4462
0.4502
0.4553
0.4573
0.4627
0.4684
0.4738
0.4775
0.4795
0.4849
0.4907
0.4961
0.5009
0.5021
0.5097
0.5129
0.5184
0.5211
0.5257
0.5323
0.5378
0.5405
0.5452
0.551
0.5523
0.5582
0.5629
0.5689
0.5709
0.5763
0.5819
0.5872
0.5908
0.5928
0.5981
0.6036
0.609
0.6133
0.6144
0.6215
0.6252
0.6304
0.6359
0.6378
0.6446
0.6465
0.6517
0.657
0.6609
0.6656
0.6675
0.6726
0.6779
0.683
0.6863
0.6882
0.6932
0.6984
0.7034
0.7078
0.7089
0.7157
0.7185
0.7235
0.7285
0.7307
0.7365
0.7383
0.7432
0.748
0.7521
0.7559
0.7577
0.7624
0.7672
0.7719
0.7749
0.7766
0.7815
0.7859
0.7904
0.7947
0.7958
0.8021
0.8041
0.8085
0.813
0.8154
0.8202
0.8218
0.8261
0.8305
0.8344
0.8375
0.839
0.8432
0.8476
0.8492
0.8534
0.856
0.8599
0.8631
0.8669
0.8707
0.8743
0.8774
0.88
0.883
0.8856
0.8886
0.8926
0.8944
0.8982
0.9005
0.9042
0.9078
0.9114
0.9138
0.9165
0.9201
0.9223
0.9256
0.9279
0.9306
0.933
0.9356
0.9381
0.9413
0.9445
0.9474
0.9501
0.9523
0.9548
0.957
0.9594
0.9616
0.964
0.9664
0.9693
0.9721
0.9747
0.977
0.979
0.9813
0.9832
0.9853
0.9873
0.9894
0.9924
0.9931
0.997
0.9982
0.9994
1.002
1.004
1.005
1.008
1.009
1.013
1.014
1.015
1.018
1.019
1.021
1.023
1.025
1.027
1.028
1.03
1.031
1.033
1.034
1.036
1.037
1.039
1.04
1.042
1.044
1.045
1.046
1.047
1.048
1.05
1.051
1.052
1.054
1.055
1.056
1.057
1.058
1.059
1.06
1.061
1.062
1.063
1.064
1.065
1.066
1.067
1.068
1.069
1.07
1.071
1.071
1.072
1.073
1.074
1.074
1.075
1.076
1.077
1.077
1.078
1.078
1.079
1.079
1.08
1.08
1.081
1.081
1.082
1.082
1.083
1.083
1.083
1.084
1.084
1.084
1.084
1.085
1.085
1.085
1.085
1.086
1.086
1.086
1.086
1.086
1.086
1.086
1.086
1.086
1.086
1.086
1.086
1.086
1.086
1.086
1.086
1.086
1.086
1.086
1.086
1.086
1.085
1.085
1.085
1.085
1.085
1.084
1.084
1.084
1.083
1.083
1.083
1.082
1.082
1.082
1.082
1.081
1.081
1.08
1.08
1.079
1.079
1.078
1.078
1.077
1.077
1.077
1.076
1.076
1.075
1.075
1.074
1.073
1.073
1.072
1.072
1.071
1.07
1.07
1.069
1.068
1.068
1.067
1.066
1.065
1.065
1.064
1.063
1.062
1.062
1.061
1.061
1.06
1.059
1.058
1.057
1.057
1.056
1.055
1.054
1.053
1.052
1.051
1.05
1.05
1.049
1.048
1.047
1.047
1.046
1.045
1.044
1.043
1.042
1.042
1.04
1.039
1.038
1.038
1.036
1.036
1.035
1.034
1.033
1.032
1.031
1.03
1.029
1.028
1.027
1.027
1.026
1.024
1.023
1.022
1.022
1.021
1.02
1.019
1.017
1.017
1.015
1.015
1.014
1.013
1.012
1.011
1.01
1.009
1.008
1.007
1.006
1.006
1.004
1.003
1.002
1.001
1.0
0.9991
0.998
0.9977
0.9961
0.9958
0.9941
0.9937
0.9926
0.9914
0.9907
0.9895
0.989
0.9879
0.9867
0.9856
0.9849
0.9844
0.9833
0.9822
0.9811
0.9801
0.9799
0.9784
0.9776
0.9766
0.9754
0.975
0.9736
0.9732
0.9721
0.971
0.9702
0.9692
0.9688
0.9678
0.9667
0.9657
0.965
0.9646
0.9636
0.9625
0.9615
0.9606
0.9604
0.959
0.9584
0.9574
0.9569
0.9561
0.9549
0.954
0.9534
0.9526
0.9516
0.9514
0.9501
0.9496
0.9486
0.9477
0.9473
0.9462
0.9459
0.945
0.944
0.9433
0.9426
0.9423
0.9414
0.9405
0.9397
0.9391
0.9388
0.9379
0.9372
0.9364
0.9356
0.9354
0.9343
0.934
0.9332
0.9324
0.932
0.9312
0.9309
0.9302
0.9294
0.9288
0.9283
0.928
0.9273
0.9266
0.9259
0.9254
0.9253
0.9245
0.9239
0.9233
0.9227
0.9225
0.9217
0.9214
0.9208
0.9202
0.9199
0.9193
0.9191
0.9185
0.918
0.9174
0.9171
0.9169
0.9164
0.9159
0.9154
0.915
0.9149
0.9143
0.914
0.9135
0.9131
0.913
0.9125
0.9121
0.9117
0.9114
0.9111
0.9108
0.9105
0.9102
0.91
0.9097
0.9094
0.9091
0.9087
0.9084
0.9082
0.908
0.9078
0.9076
0.9073
0.9071
0.9068
0.9067
0.9066
0.9063
0.9061
0.9059
0.9057
0.9057
0.9054
0.9053
0.9051
0.9049
0.9049
0.9047
0.9046
0.9045
0.9044
0.9043
0.9042
0.9041
0.904
0.904
0.9039
0.9038
0.9038
0.9037
0.9037
0.9037
0.9036
0.9036
0.9036
0.9036
0.9036
0.9036
0.9036
0.9036
0.9036
0.9036
0.9037
0.9037
0.9037
0.9038
0.9038
0.9039
0.904
0.9041
0.9041
0.9042
0.9042
0.9044
0.9044
0.9046
0.9047
0.9047
0.9049
0.905
0.905
0.9053
0.9053
0.9056
0.9058
0.906
0.9061
0.9063
0.9064
0.9066
0.9068
0.9069
0.9072
0.9073
0.9076
0.9077
0.9079
0.9082
0.9084
0.9087
0.9088
0.909
0.9094
0.9096
0.9098
0.9101
0.9102
0.9105
0.9109
0.9111
0.9114
0.9115
0.9118
0.9122
0.9126
0.9129
0.9131
0.9132
0.9137
0.914
0.9143
0.9147
0.9148
0.9154
0.9155
0.9159
0.9163
0.9166
0.917
0.9171
0.9175
0.9179
0.9183
0.9186
0.9188
0.9192
0.9197
0.9201
0.9205
0.9206
0.9212
0.9215
0.9219
0.9224
0.9226
0.9231
0.9233
0.9238
0.9243
0.9246
0.925
0.9252
0.9257
0.9262
0.9267
0.927
0.9272
0.9277
0.9282
0.9287
0.9291
0.9292
0.9299
0.9302
0.9307
0.9312
0.9315
0.9319
0.9323
0.9329
0.9333
0.9338
0.9339
0.9346
0.9349
0.9354
0.9359
0.9362
0.9368
0.937
0.9375
0.9381
0.9386
0.939
0.9392
0.9397
0.9402
0.9408
0.9412
0.9413
0.9419
0.9423
0.9429
0.9435
0.9439
0.9441
0.9446
0.9452
0.9457
0.9461
0.9462
0.9469
0.9473
0.9479
0.9484
0.9486
0.9493
0.9495
0.9501
0.9506
0.951
0.9515
0.9517
0.9522
0.9528
0.9533
0.9537
0.9539
0.9544
0.955
0.9555
0.9559
0.9561
0.9568
0.9571
0.9577
0.9582
0.9584
0.9591
0.9593
0.9598
0.9603
0.9607
0.9612
0.9614
0.9619
0.9624
0.9629
0.9633
0.9635
0.964
0.9645
0.965
0.9655
0.9656
0.9661
0.9666
0.9671
0.9673
0.9678
0.9681
0.9685
0.9691
0.9696
0.9698
0.9702
0.9708
0.9711
0.9715
0.972
0.9723
0.9725
0.973
0.9735
0.9739
0.9744
0.9745
0.9752
0.9754
0.9758
0.9763
0.9765
0.977
0.9772
0.9776
0.9781
0.9785
0.9788
0.979
0.9794
0.9799
0.9803
0.9806
0.9807
0.9812
0.9816
0.982
0.9824
0.9825
0.9831
0.9833
0.9837
0.9841
0.9843
0.9847
0.9849
0.9853
0.9857
0.9861
0.9863
0.9865
0.9868
0.9872
0.9876
0.9879
0.988
0.9884
0.9887
0.9891
0.9894
0.9895
0.99
0.9901
0.9905
0.9908
0.9911
0.9914
0.9915
0.9918
0.9922
0.9925
0.9927
0.9928
0.9931
0.9934
0.9938
0.994
0.9941
0.9945
0.9947
0.995
0.9953
0.9954
0.9957
0.9958
0.9961
0.9964
0.9966
0.9969
0.997
0.9972
0.9975
0.9977
0.9979
0.998
0.9983
0.9985
0.9988
0.999
0.999
0.9994
0.9995
0.9997
0.9999
1.0
1.0
1.0
1.001
1.001
1.001
1.001
1.001
1.001
1.002
1.002
1.002
1.002
1.002
1.002
1.003
1.003
1.003
1.003
1.003
1.003
1.003
1.003
1.004
1.004
1.004
1.004
1.004
1.004
1.004
1.004
1.005
1.005
1.005
1.005
1.005
1.005
1.005
1.005
1.005
1.006
1.006
1.006
1.006
1.006
1.006
1.006
1.006
1.006
1.006
1.006
1.006
1.006
1.007
1.007
1.007
1.007
1.007
1.007
1.007
1.007
1.007
1.007
1.007
1.007
1.007
1.007
1.007
1.007
1.007
1.007
1.007
1.007
1.007
1.007
1.007
1.007
1.007
1.007
1.008
1.008
1.008
1.008
1.008
1.008
1.008
1.008
1.008
1.008
1.008
1.008
1.008
1.008
1.008
1.008
1.008
1.008
1.008
1.008
1.007
1.007
1.007
1.007
1.007
1.007
1.007
1.007
1.007
1.007
1.007
1.007
1.007
1.007
1.007
1.007
1.007
1.007
1.007
1.007
1.007
1.007
1.007
1.007
1.007
1.007
1.007
1.007
1.007
1.007
1.006
1.006
1.006
1.006
1.006
1.006
1.006
1.006
1.006
1.006
1.006
1.006
1.006
1.006
1.006
1.006
1.005
1.005
1.005
1.005
1.005
1.005
1.005
1.005
1.005
1.005
1.005
1.005
1.005
1.005
1.004
1.004
1.004
1.004
1.004
1.004
1.004
1.004
1.004
1.004
1.004
1.004
1.004
1.003
1.003
1.003
1.003
1.003
1.003
1.003
1.003
1.003
1.003
1.003
1.003
1.003
1.002
1.002
1.002
1.002
1.002
1.002
1.002
1.002
1.002
1.002
1.002
1.001
1.001
1.001
1.001
1.001
1.001
1.001
1.001
1.001
1.001
1.001
1.001
1.0
1.0
1.0
1.0
1.0
1.0
0.9999
0.9998
0.9997
0.9997
0.9996
0.9994
0.9993
0.9993
0.9992
0.9991
0.999
0.9989
0.9988
0.9988
0.9987
0.9986
0.9985
0.9984
0.9983
0.9982
0.9982
0.9981
0.998
0.9979
0.9978
0.9977
0.9977
0.9976
0.9975
0.9974
0.9973
0.9973
0.9972
0.9971
0.997
0.9969
0.9969
0.9968
0.9967
0.9966
0.9965
0.9965
0.9964
0.9963
0.9963
0.9962
0.9961
0.996
0.996
0.9959
0.9958
0.9957
0.9956
0.9956
0.9955
0.9954
0.9954
0.9953
0.9952
0.9952
0.9951
0.995
0.995
0.9949
0.9948
0.9948
0.9947
0.9946
0.9946
0.9945
0.9945
0.9944
0.9943
0.9943
0.9942
0.9942
0.9941
0.994
0.994
0.9939
0.9939
0.9938
0.9938
0.9937
0.9936
0.9936
0.9936
0.9935
0.9934
0.9934
0.9933
0.9933
0.9932
0.9932
0.9931
0.9931
0.993
0.993
0.993
0.9929
0.9929
0.9928
0.9928
0.9927
0.9927
0.9926
0.9926
0.9926
0.9925
0.9925
0.9925
0.9924
0.9924
0.9924
0.9923
0.9923
0.9922
0.9922
0.9922
0.9922
0.9921
0.9921
0.9921
0.992
0.992
0.992
0.992
0.9919
0.9919
0.9919
0.9919
0.9918
0.9918
0.9918
0.9918
0.9917
0.9917
0.9917
0.9917
0.9917
0.9917
0.9916
0.9916
0.9916
0.9916
0.9916
0.9916
0.9915
0.9915
0.9915
0.9915
0.9915
0.9915
0.9915
0.9915
0.9915
0.9914
0.9914
0.9914
0.9914
0.9914
0.9914
0.9914
0.9914
0.9914
0.9914
0.9914
0.9914
0.9914
0.9914
0.9914
0.9914
0.9914
0.9914
0.9914
0.9914
0.9914
0.9914
0.9914
0.9914
0.9914
0.9914
0.9914
0.9914
0.9914
0.9915
0.9915
0.9915
0.9915
0.9915
0.9915
0.9915
0.9915
0.9915
0.9916
0.9916
0.9916
0.9916
0.9916
0.9916
0.9917
0.9917
0.9917
0.9917
0.9917
0.9917
0.9918
0.9918
0.9918
0.9918
0.9918
0.9918
0.9919
0.9919
0.9919
0.9919
0.9919
0.992
0.992
0.992
0.9921
0.9921
0.9921
0.9921
0.9922
0.9922
0.9922
0.9922
0.9923
0.9923
0.9923
0.9923
0.9923
0.9924
0.9924
0.9925
0.9925
0.9925
0.9925
0.9926
0.9926
0.9926
0.9927
0.9927
0.9927
0.9928
0.9928
0.9928
0.9929
0.9929
0.9929
0.993
0.993
0.993
0.9931
0.9931
0.9931
0.9932
0.9932
0.9933
0.9933
0.9933
0.9934
0.9934
0.9934
0.9934
0.9935
0.9935
0.9936
0.9936
0.9936
0.9937
0.9938
0.9938
0.9938
0.9938
0.9939
0.9939
0.994
0.994
0.994
0.9941
0.9941
0.9942
0.9942
0.9942
0.9943
0.9943
0.9943
0.9944
0.9944
0.9945
0.9945
0.9945
0.9946
0.9946
0.9947
0.9947
0.9947
0.9948
0.9948
0.9949
0.9949
0.995
0.995
0.995
0.9951
0.9951
0.9952
0.9952
0.9952
0.9953
0.9953
0.9954
0.9954
0.9955
0.9955
0.9956
0.9956
0.9956
0.9957
0.9957
0.9958
0.9958
0.9958
0.9959
0.9959
0.996
0.996
0.996
0.9961
0.9961
0.9962
0.9962
0.9963
0.9963
0.9963
0.9964
0.9964
0.9965
0.9965
0.9965
0.9966
0.9966
0.9967
0.9967
0.9968
0.9968
0.9968
0.9968
0.9969
0.997
0.997
0.997
0.9971
0.9971
0.9971
0.9972
0.9972
0.9972
0.9973
0.9973
0.9974
0.9974
0.9974
0.9975
0.9975
0.9976
0.9976
0.9976
0.9976
0.9977
0.9977
0.9978
0.9978
0.9978
0.9979
0.9979
0.998
0.998
0.998
0.998
0.9981
0.9981
0.9982
0.9982
0.9982
0.9983
0.9983
0.9983
0.9984
0.9984
0.9984
0.9985
0.9985
0.9985
0.9986
0.9986
0.9986
0.9987
0.9987
0.9987
0.9987
0.9988
0.9988
0.9988
0.9989
0.9989
0.9989
0.9989
0.999
0.999
0.9991
0.9991
0.9991
0.9991
0.9992
0.9992
0.9992
0.9992
0.9993
0.9993
0.9993
0.9994
0.9994
0.9994
0.9994
0.9995
0.9995
0.9995
0.9995
0.9995
0.9996
0.9996
0.9996
0.9996
0.9997
0.9997
0.9997
0.9997
0.9998
0.9998
0.9998
0.9998
0.9999
0.9999
0.9999
0.9999
0.9999
1.0
1.0
1.0
1.0
1.0
1.0
1.0
1.0
1.0
1.0
1.0
1.0
1.0
1.0
1.0
1.0
1.0
1.0
1.0
1.0
1.0
1.0
1.0
1.0
1.0
1.0
1.0
1.0
1.0
1.0
1.0
1.0
1.0
1.0
1.001
1.001
1.001
1.001
1.001
1.001
1.001
1.001
1.001
1.001
1.001
1.001
1.001
1.001
1.001
1.001
1.001
1.001
1.001
1.001
1.001
1.001
1.001
1.001
1.001
1.001
1.001
1.001
1.001
1.001
1.001
1.001
1.001
1.001
1.001
1.001
1.001
1.001
1.001
1.001
1.001
1.001
1.001
1.001
1.001
1.001
1.001
1.001
1.001
1.001
1.001
1.001
1.001
1.001
1.001
1.001
1.001
1.001
1.001
1.001
1.001
1.001
1.001
1.001
1.001
1.001
1.001
1.001
1.001
1.001
1.001
1.001
1.001
1.001
1.001
1.001
1.001
1.001
1.001
1.001
1.001
1.001
1.001
1.001
1.001
1.001
1.001
1.001
1.001
1.001
1.001
1.001
1.001
1.001
1.001
1.001
1.001
1.001
1.001
1.001
1.001
1.001
1.001
1.001
1.001
1.001
1.001
1.001
1.001
1.001
1.001
1.001
1.001
1.001
1.001
1.001
1.001
1.001
1.001
1.001
1.001
1.001
1.001
1.001
1.001
1.001
1.001
1.001
1.001
1.001
1.001
1.001
1.001
1.001
1.001
1.001
1.001
1.001
1.001
1.001
1.001
1.001
1.001
1.001
1.0
1.0
1.0
1.0
1.0
1.0
1.0
1.0
1.0
1.0
1.0
1.0
1.0
1.0
1.0
1.0
1.0
1.0
1.0
1.0
1.0
1.0
1.0
1.0
1.0
1.0
1.0
1.0
1.0
1.0
1.0
1.0
1.0
1.0
1.0
1.0
1.0
1.0
1.0
1.0
1.0
1.0
1.0
1.0
1.0
1.0
1.0
1.0
1.0
1.0
1.0
1.0
1.0
1.0
1.0
1.0
1.0
1.0
1.0
1.0
1.0
1.0
0.9999
0.9999
0.9999
0.9999
0.9999
0.9999
0.9999
0.9999
0.9999
0.9999
0.9999
0.9998
0.9998
0.9998
0.9998
0.9998
0.9998
0.9998
0.9998
0.9998
0.9998
0.9998
0.9998
0.9998
0.9997
0.9997
0.9997
0.9997
0.9997
0.9997
0.9997
0.9997
0.9997
0.9997
0.9997
0.9997
0.9997
0.9996
0.9996
0.9996
0.9996
0.9996
0.9996
0.9996
0.9996
0.9996
0.9996
0.9996
0.9996
0.9996
0.9996
0.9995
0.9995
0.9995
0.9995
0.9995
0.9995
0.9995
0.9995
0.9995
0.9995
0.9995
0.9995
0.9995
0.9995
0.9995
0.9995
0.9995
0.9994
0.9994
0.9994
0.9994
0.9994
0.9994
0.9994
0.9994
0.9994
0.9994
0.9994
0.9994
0.9994
0.9994
0.9994
0.9994
0.9994
0.9994
0.9994
0.9994
0.9994
0.9993
0.9993
0.9993
0.9993
0.9993
0.9993
0.9993
0.9993
0.9993
0.9993
0.9993
0.9993
0.9993
0.9993
0.9993
0.9993
0.9993
0.9993
0.9993
0.9993
0.9993
0.9993
0.9993
0.9993
0.9993
0.9993
0.9993
0.9993
0.9993
0.9993
0.9993
0.9993
0.9993
0.9993
0.9992
0.9992
0.9992
0.9992
0.9992
0.9992
0.9992
0.9992
0.9992
0.9992
0.9992
0.9992
0.9992
0.9992
0.9992
0.9992
0.9992
0.9992
0.9992
0.9992
0.9992
0.9992
0.9992
0.9992
0.9992
0.9992
0.9992
0.9992
0.9992
0.9992
0.9992
0.9992
0.9992
0.9992
0.9992
0.9992
0.9992
0.9992
0.9992
0.9992
0.9992
0.9992
0.9992
0.9992
0.9992
0.9992
0.9992
0.9992
0.9992
0.9993
0.9993
0.9993
0.9993
0.9993
0.9993
0.9993
0.9993
0.9993
0.9993
0.9993
0.9993
0.9993
0.9993
0.9993
0.9993
0.9993
0.9993
0.9993
0.9993
0.9993
0.9993
0.9993
0.9993
0.9993
0.9993
0.9993
0.9993
0.9993
0.9993
0.9993
0.9993
0.9993
0.9993
0.9993
0.9993
0.9993
0.9993
0.9993
0.9993
0.9994
0.9994
0.9994
0.9994
0.9994
0.9994
0.9994
0.9994
0.9994
0.9994
0.9994
0.9994
0.9994
0.9994
0.9994
0.9994
0.9994
0.9994
0.9994
0.9994
0.9994
0.9994
0.9994
0.9994
0.9994
0.9994
0.9994
0.9995
0.9995
0.9995
0.9995
0.9995
0.9995
0.9995
0.9995
0.9995
0.9995
0.9995
0.9995
0.9995
0.9995
0.9995
0.9995
0.9995
0.9995
0.9995
0.9995
0.9995
0.9995
0.9995
0.9995
0.9995
0.9996
0.9996
0.9996
0.9996
0.9996
0.9996
0.9996
0.9996
0.9996
0.9996
0.9996
0.9996
0.9996
0.9996
0.9996
0.9996
0.9996
0.9996
0.9996
0.9996
0.9996
0.9996
0.9996
0.9996
0.9997
0.9997
0.9997
0.9997
0.9997
0.9997
0.9997
0.9997
0.9997
0.9997
0.9997
0.9997
0.9997
0.9997
0.9997
0.9997
0.9997
0.9997
0.9997
0.9997
0.9997
0.9997
0.9997
0.9997
0.9998
0.9998
0.9998
0.9998
0.9998
0.9998
0.9998
0.9998
0.9998
0.9998
0.9998
0.9998
0.9998
0.9998
0.9998
0.9998
0.9998
0.9998
0.9998
0.9998
0.9998
0.9998
0.9998
0.9998
0.9998
0.9998
0.9998
0.9998
0.9999
0.9999
0.9999
0.9999
0.9999
0.9999
0.9999
0.9999
0.9999
0.9999
0.9999
0.9999
0.9999
0.9999
0.9999
0.9999
0.9999
0.9999
0.9999
0.9999
0.9999
0.9999
0.9999
0.9999
0.9999
0.9999
0.9999
0.9999
0.9999
0.9999
0.9999
0.9999
0.9999
0.9999
1.0
1.0
1.0
1.0
1.0
1.0
1.0
1.0
1.0
1.0
1.0
1.0
1.0
1.0
1.0
1.0
1.0
1.0
1.0
1.0
1.0
1.0
1.0
1.0
1.0
1.0
1.0
1.0
1.0
1.0
1.0
1.0
1.0
1.0
1.0
1.0
1.0
1.0
1.0
1.0
1.0
1.0
1.0
1.0
1.0
1.0
1.0
1.0
1.0
1.0
1.0
1.0
1.0
1.0
1.0
1.0
1.0
1.0
1.0
1.0
1.0
1.0
1.0
1.0
1.0
1.0
1.0
1.0
1.0
1.0
1.0
1.0
1.0
1.0
1.0
1.0
1.0
1.0
1.0
1.0
1.0
1.0
1.0
1.0
1.0
1.0
1.0
1.0
1.0
1.0
1.0
1.0
1.0
1.0
1.0
1.0
1.0
1.0
1.0
1.0
1.0
1.0
1.0
1.0
1.0
1.0
1.0
1.0
1.0
1.0
1.0
1.0
1.0
1.0
1.0
1.0
1.0
1.0
1.0
1.0
1.0
1.0
1.0
1.0
1.0
1.0
1.0
1.0
1.0
1.0
1.0
1.0
1.0
1.0
1.0
1.0
1.0
1.0
1.0
1.0
1.0
1.0
1.0
1.0
1.0
1.0
1.0
1.0
1.0
1.0
1.0
1.0
1.0
1.0
1.0
1.0
1.0
1.0
1.0
1.0
1.0
1.0
1.0
1.0
1.0
1.0
1.0
1.0
1.0
1.0
1.0
1.0
1.0
1.0
1.0
1.0
1.0
1.0
1.0
1.0
1.0
1.0
1.0
1.0
1.0
1.0
1.0
1.0
1.0
1.0
1.0
1.0
1.0
1.0
