0
0
0.0005633
0.002464
0.006632
0.01354
0.02398
0.03822
0.05478
0.07809
0.1035
0.1321
0.1638
0.2009
0.2394
0.2795
0.321
0.3637
0.4091
0.4553
0.5009
0.5452
0.5908
0.6359
0.6779
0.7185
0.7577
0.7958
0.8344
0.8669
0.8982
0.9279
0.9548
0.979
0.9994
1.019
1.036
1.05
1.061
1.071
1.078
1.083
1.085
1.086
1.086
1.083
1.08
1.075
1.069
1.062
1.054
1.046
1.036
1.027
1.017
1.008
0.998
0.989
0.9799
0.9702
0.9615
0.9534
0.9459
0.9388
0.932
0.9259
0.9208
0.9164
0.9125
0.9094
0.9068
0.9051
0.904
0.9036
0.9037
0.9044
0.9058
0.9076
0.9098
0.9126
0.9155
0.9188
0.9226
0.9267
0.9307
0.9349
0.9392
0.9439
0.9484
0.9528
0.9571
0.9614
0.9656
0.9698
0.9739
0.9776
0.9812
0.9847
0.9879
0.9908
0.9934
0.9958
0.998
1.0
1.002
1.003
1.004
1.006
1.006
1.007
1.007
1.008
1.008
1.007
1.007
1.007
1.006
1.006
1.005
1.004
1.004
1.003
1.002
1.001
1.0
0.9993
0.9985
0.9977
0.9969
0.9961
0.9954
0.9947
0.9941
0.9936
0.993
0.9926
0.9922
0.992
0.9917
0.9916
0.9914
0.9914
0.9914
0.9915
0.9916
0.9918
0.9919
0.9922
0.9925
0.9928
0.9931
0.9935
0.9939
0.9943
0.9947
0.9951
0.9955
0.9959
0.9963
0.9968
0.9971
0.9975
0.9979
0.9982
0.9986
0.9989
0.9992
0.9994
0.9997
0.9999
1.0
1.0
1.0
1.001
1.001
1.001
1.001
1.001
1.001
1.001
1.001
1.001
1.001
1.001
1.001
1.001
1.001
1.001
1.0
1.0
1.0
1.0
1.0
1.0
0.9999
0.9998
0.9997
0.9996
0.9996
0.9995
0.9995
0.9994
0.9994
0.9993
0.9993
0.9993
0.9992
0.9992
0.9992
0.9992
0.9992
0.9993
0.9993
0.9993
0.9993
0.9994
0.9994
0.9994
0.9995
0.9995
0.9996
0.9996
0.9996
0.9997
0.9997
0.9998
0.9998
0.9998
0.9999
0.9999
0.9999
1.0
1.0
1.0
1.0
1.0
1.0
1.0
1.0
1.0
1.0
1.0
1.0
1.0
1.0
1.0
1.0
1.0
1.0
1.0
1.0
